Python Puro: 2.108424 segundos
NumPy: 0.144015 segundos
Cython: 0.032895 segundos
